86
82
90
27
75
79
21
14
95
3
86
65
33
41
8
89
98
4
21
37
76
50
73
28
26
61
13
80
39
89
100
10
100
71
94
71
35
95
29
32
13
75
8
66
3
58
3
94
8
83
74
21
25
56
8
96
17
46
62
98
31
54
29
83
63
16
17
75
44
87
73
41
15
31
63
51
9
67
51
43
71
11
44
79
96
73
40
70
25
63
13
13
56
29
57
69
97
76
80
60
47
81
32
61
53
87
37
12
51
73
4
55
55
62
12
83
12
36
25
8
97
17
68
58
90
20
39
53
98
34
85
29
55
30
23
100
75
32
84
20
5
11
79
100
74
24
6
3
27
61
18
94
86
66
96
80
54
57
33
5
32
92
98
70
89
23
65
38
98
80
81
94
62
39
25
57
15
43
74
69
11
5
89
91
70
66
13
85
19
10
13
35
49
6
40
80
39
9
92
71
17
40
36
60
65
43
20
50
74
41
30
67
43
93
5
46
72
49
75
65
47
27
72
62
8
2
95
49
97
22
28
63
96
80
3
38
54
31
2
21
26
76
67
73
75
40
98
92
38
55
61
27
20
84
3
14
58
76
25
61
66
99
51
88
70
32
3
16
63
10
80
25
53
30
21
88
15
87
15
72
62
75
6
23
44
4
24
100
63
85
72
27
72
61
90
57
49
27
55
92
93
13
28
71
7
78
69
85
26
97
83
39
10
41
55
75
50
60
39
58
34
61
19
90
75
17
85
10
1
85
34
20
76
87
24
52
87
24
25
4
46
89
64
97
30
62
86
34
70
21
25
36
72
40
62
1
38
57
7
40
4
32
30
55
94
34
41
18
17
81
49
17
18
11
65
63
49
78
55
71
68
11
37
100
20
22
87
43
82
73
17
88
11
40
49
86
30
30
90
86
85
14
25
14
64
96
42
7
29
36
94
63
42
68
31
98
46
36
33
44
47
5
100
95
40
88
96
5
30
22
5
78
88
21
97
55
1
98
95
14
59
3
91
14
88
88
75
88
85
55
73
54
9
23
13
60
48
43
77
59
40
66
48
62
52
2
89
57
2
15
97
65
87
15
30
90
98
41
27
45
12
12
37
24
64
65
76
13
70
15
92
9
63
72
62
51
20
53
51
40
45
60
6
53
30
92
0
16
92
1
88
72
93
18
44
94
86
38
33
20
56
15
92
9
73
96
8
6
92
24
62
81
19
23
62
54
21
31
53
65
85
11
72
6
47
97
81
81
92
18
56
90
21
20
41
96
59
98
87
28
39
27
10
37
67
85
78
50
13
29
58
12
88
30
7
34
40
37
99
72
90
85
6
86
35
83
62
23
10
41
98
11
40
1
51
54
68
35
27
36
16
93
89
84
100
9
88
25
50
13
0
76
70
14
65
37
53
84
79
83
26
71
68
88
62
77
85
68
99
24
39
83
85
7
86
12
32
98
42
41
69
83
98
53
66
49
32
78
3
84
100
26
43
19
42
0
86
43
95
99
11
88
49
61
41
83
57
41
9
28
74
96
9
69
64
33
30
32
48
25
75
77
94
97
61
43
31
80
42
56
66
22
13
0
78
58
46
97
20
63
67
22
86
42
50
2
44
23
43
97
48
85
82
99
35
98
71
91
92
89
35
19
47
21
59
10
2
89
12
66
48
20
97
75
93
21
15
40
46
77
29
62
70
81
23
68
5
17
70
80
0
71
43
94
90
13
13
44
32
5
76
11
12
56
54
75
4
51
58
75
68
60
48
40
47
33
97
67
15
77
45
91
51
27
47
54
17
1
52
37
24
38
9
0
23
53
46
98
10
89
68
26
0
3
50
5
25
61
26
13
62
67
86
46
46
95
33
15
98
38
82
49
18
17
63
73
15
7
82
63
90
0
21
88
19
64
33
14
59
38
20
81
25
74
95
44
43
42
82
57
7
58
90
97
82
44
9
91
11
24
1
66
72
87
0
1
69
56
99
45
23
35
13
68
15
58
100
2
91
66
21
98
96
54
17
79
25
47
70
93
21
88
65
87
0
96
17
27
31
58
55
6
11
69
30
88
74
30
68
22
17
58
16
0
15
98
57
76
44
27
70
54
58
70
43
21
70
48
72
87
34
90
13
19
39
63
18
27
82
65
9
60
87
17
20
44
81
51
18
68
3
37
1
45
69
32
18
28
60
70
26
0
95
59
62
10
27
36
66
37
2
68
83
29
64
44
12
10
100
82
90
84
44
75
36
39
20
38
54
73
4
34
5
84
16
54
55
87
32
4
